generation: 474 fittest: 1.0, 0.5, 0.5
The average fitness is: 0.40186410403807593
The best fitness is: 1.0
Fitness spread:
(1.0, 1)
(0.5, 3402)
(0.3333333333333333, 238)
(0.25, 294)
(0.2, 268)
(0.16666666666666666, 220)
(0.14285714285714285, 170)
(0.125, 102)
(0.1111111111111111, 70)
(0.1, 60)
(0.09090909090909091, 49)
(0.08333333333333333, 37)
(0.07692307692307693, 17)
(0.07142857142857142, 17)
(0.06666666666666667, 20)
(0.0625, 16)
(0.058823529411764705, 6)
(0.05555555555555555, 3)
(0.05263157894736842, 3)
(0.05, 3)
(0.047619047619047616, 3)
(0.047619047619047616, 1)

The average fitness is: 0.234323646349588
The best fitness is: 0.5
Fitness spread:
(0.5, 2156)
(0.058823529411764705, 3)
(0.05555555555555555, 4)
(0.05263157894736842, 10)
(0.05, 16)
(0.047619047619047616, 37)
(0.045454545454545456, 57)
(0.043478260869565216, 83)
(0.041666666666666664, 99)
(0.04, 116)
(0.038461538461538464, 169)
(0.037037037037037035, 167)
(0.03571428571428571, 195)
(0.034482758620689655, 194)
(0.03333333333333333, 199)
(0.03225806451612903, 201)
(0.03125, 180)
(0.030303030303030304, 175)
(0.029411764705882353, 162)
(0.02857142857142857, 131)
(0.027777777777777776, 117)
(0.02702702702702703, 84)
(0.02631578947368421, 91)
(0.02564102564102564, 75)
(0.025, 50)
(0.024390243902439025, 48)
(0.023809523809523808, 45)
(0.023255813953488372, 36)
(0.022727272727272728, 21)
(0.022222222222222223, 15)
(0.021739130434782608, 12)
(0.02127659574468085, 10)
(0.020833333333333332, 10)
(0.02040816326530612, 5)
(0.02, 8)
(0.0196078431372549, 7)
(0.019230769230769232, 1)
(0.018867924528301886, 4)
(0.018518518518518517, 2)
(0.017241379310344827, 3)
(0.016129032258064516, 1)
(0.016129032258064516, 1)

The average fitness is: 0.23291428518026996
The best fitness is: 0.5
Fitness spread:
(0.5, 2141)
(0.06666666666666667, 1)
(0.0625, 2)
(0.058823529411764705, 4)
(0.05555555555555555, 8)
(0.05263157894736842, 13)
(0.05, 15)
(0.047619047619047616, 44)
(0.045454545454545456, 48)
(0.043478260869565216, 72)
(0.041666666666666664, 125)
(0.04, 134)
(0.038461538461538464, 172)
(0.037037037037037035, 187)
(0.03571428571428571, 178)
(0.034482758620689655, 191)
(0.03333333333333333, 159)
(0.03225806451612903, 174)
(0.03125, 175)
(0.030303030303030304, 165)
(0.029411764705882353, 144)
(0.02857142857142857, 131)
(0.027777777777777776, 123)
(0.02702702702702703, 110)
(0.02631578947368421, 79)
(0.02564102564102564, 78)
(0.025, 59)
(0.024390243902439025, 53)
(0.023809523809523808, 41)
(0.023255813953488372, 40)
(0.022727272727272728, 27)
(0.022222222222222223, 13)
(0.021739130434782608, 20)
(0.02127659574468085, 9)
(0.020833333333333332, 15)
(0.02040816326530612, 17)
(0.02, 9)
(0.0196078431372549, 5)
(0.019230769230769232, 5)
(0.018867924528301886, 3)
(0.018518518518518517, 2)
(0.01818181818181818, 2)
(0.017857142857142856, 1)
(0.017241379310344827, 2)
(0.016129032258064516, 1)
(0.015384615384615385, 1)
(0.014492753623188406, 1)
(0.014492753623188406, 1)

The average fitness is: 0.39441577320547977
The best fitness is: 0.5
Fitness spread:
(0.5, 3263)
(0.3333333333333333, 308)
(0.25, 322)
(0.2, 252)
(0.16666666666666666, 204)
(0.14285714285714285, 158)
(0.125, 148)
(0.1111111111111111, 96)
(0.1, 77)
(0.09090909090909091, 56)
(0.08333333333333333, 40)
(0.07692307692307693, 20)
(0.07142857142857142, 21)
(0.06666666666666667, 15)
(0.0625, 5)
(0.058823529411764705, 6)
(0.05555555555555555, 1)
(0.05263157894736842, 4)
(0.05, 2)
(0.047619047619047616, 1)
(0.047619047619047616, 1)

generation: 169 fittest: 1.0, 0.5, 0.5
The average fitness is: 0.36042346170049744
The best fitness is: 1.0
Fitness spread:
(1.0, 1)
(0.5, 2876)
(0.3333333333333333, 259)
(0.25, 299)
(0.2, 247)
(0.16666666666666666, 252)
(0.14285714285714285, 209)
(0.125, 175)
(0.1111111111111111, 147)
(0.1, 97)
(0.09090909090909091, 116)
(0.08333333333333333, 67)
(0.07692307692307693, 62)
(0.07142857142857142, 49)
(0.06666666666666667, 42)
(0.0625, 26)
(0.058823529411764705, 23)
(0.05555555555555555, 18)
(0.05263157894736842, 13)
(0.05, 5)
(0.047619047619047616, 5)
(0.045454545454545456, 5)
(0.043478260869565216, 4)
(0.041666666666666664, 2)
(0.041666666666666664, 1)

Parameters: 5000, 500, 0.05, 0.9The average fitness is: 0.17740675030724457
The best fitness is: 0.5
Fitness spread:
(0.5, 1538)
(0.06666666666666667, 2)
(0.0625, 5)
(0.058823529411764705, 3)
(0.05555555555555555, 10)
(0.05263157894736842, 21)
(0.05, 43)
(0.047619047619047616, 81)
(0.045454545454545456, 99)
(0.043478260869565216, 128)
(0.041666666666666664, 160)
(0.04, 216)
(0.038461538461538464, 195)
(0.037037037037037035, 221)
(0.03571428571428571, 248)
(0.034482758620689655, 235)
(0.03333333333333333, 230)
(0.03225806451612903, 219)
(0.03125, 172)
(0.030303030303030304, 183)
(0.029411764705882353, 151)
(0.02857142857142857, 148)
(0.027777777777777776, 123)
(0.02702702702702703, 116)
(0.02631578947368421, 87)
(0.02564102564102564, 82)
(0.025, 66)
(0.024390243902439025, 50)
(0.023809523809523808, 39)
(0.023255813953488372, 31)
(0.022727272727272728, 19)
(0.022222222222222223, 18)
(0.021739130434782608, 17)
(0.02127659574468085, 14)
(0.020833333333333332, 9)
(0.02040816326530612, 8)
(0.02, 5)
(0.0196078431372549, 3)
(0.018867924528301886, 1)
(0.018518518518518517, 3)
(0.01818181818181818, 1)
(0.01818181818181818, 1)

The average fitness is: 0.1268314244740985
The best fitness is: 0.3333333333333333
Fitness spread:
(0.3333333333333333, 1550)
(0.06666666666666667, 2)
(0.0625, 1)
(0.058823529411764705, 8)
(0.05555555555555555, 8)
(0.05263157894736842, 15)
(0.05, 37)
(0.047619047619047616, 66)
(0.045454545454545456, 82)
(0.043478260869565216, 144)
(0.041666666666666664, 180)
(0.04, 192)
(0.038461538461538464, 239)
(0.037037037037037035, 234)
(0.03571428571428571, 239)
(0.034482758620689655, 221)
(0.03333333333333333, 232)
(0.03225806451612903, 218)
(0.03125, 167)
(0.030303030303030304, 180)
(0.029411764705882353, 156)
(0.02857142857142857, 147)
(0.027777777777777776, 130)
(0.02702702702702703, 108)
(0.02631578947368421, 86)
(0.02564102564102564, 70)
(0.025, 47)
(0.024390243902439025, 66)
(0.023809523809523808, 45)
(0.023255813953488372, 33)
(0.022727272727272728, 22)
(0.022222222222222223, 25)
(0.021739130434782608, 15)
(0.02127659574468085, 5)
(0.020833333333333332, 9)
(0.02040816326530612, 4)
(0.02, 6)
(0.0196078431372549, 1)
(0.019230769230769232, 3)
(0.018867924528301886, 4)
(0.018518518518518517, 1)
(0.01818181818181818, 2)
(0.01818181818181818, 1)

The average fitness is: 0.12667799221256967
The best fitness is: 0.3333333333333333
Fitness spread:
(0.3333333333333333, 1554)
(0.06666666666666667, 1)
(0.0625, 2)
(0.058823529411764705, 1)
(0.05555555555555555, 11)
(0.05263157894736842, 25)
(0.05, 27)
(0.047619047619047616, 47)
(0.045454545454545456, 89)
(0.043478260869565216, 116)
(0.041666666666666664, 155)
(0.04, 168)
(0.038461538461538464, 206)
(0.037037037037037035, 239)
(0.03571428571428571, 249)
(0.034482758620689655, 208)
(0.03333333333333333, 216)
(0.03225806451612903, 202)
(0.03125, 219)
(0.030303030303030304, 187)
(0.029411764705882353, 160)
(0.02857142857142857, 157)
(0.027777777777777776, 133)
(0.02702702702702703, 118)
(0.02631578947368421, 94)
(0.02564102564102564, 88)
(0.025, 65)
(0.024390243902439025, 59)
(0.023809523809523808, 46)
(0.023255813953488372, 35)
(0.022727272727272728, 25)
(0.022222222222222223, 25)
(0.021739130434782608, 14)
(0.02127659574468085, 9)
(0.020833333333333332, 14)
(0.02040816326530612, 14)
(0.02, 7)
(0.0196078431372549, 4)
(0.019230769230769232, 3)
(0.018867924528301886, 5)
(0.018518518518518517, 1)
(0.017857142857142856, 2)
(0.017857142857142856, 1)

The average fitness is: 0.17647917197658705
The best fitness is: 0.5
Fitness spread:
(0.5, 1526)
(0.07142857142857142, 1)
(0.06666666666666667, 2)
(0.0625, 2)
(0.058823529411764705, 4)
(0.05555555555555555, 15)
(0.05263157894736842, 26)
(0.05, 52)
(0.047619047619047616, 84)
(0.045454545454545456, 107)
(0.043478260869565216, 141)
(0.041666666666666664, 185)
(0.04, 202)
(0.038461538461538464, 214)
(0.037037037037037035, 218)
(0.03571428571428571, 235)
(0.034482758620689655, 246)
(0.03333333333333333, 204)
(0.03225806451612903, 201)
(0.03125, 196)
(0.030303030303030304, 189)
(0.029411764705882353, 149)
(0.02857142857142857, 139)
(0.027777777777777776, 123)
(0.02702702702702703, 97)
(0.02631578947368421, 82)
(0.02564102564102564, 63)
(0.025, 70)
(0.024390243902439025, 52)
(0.023809523809523808, 45)
(0.023255813953488372, 24)
(0.022727272727272728, 29)
(0.022222222222222223, 21)
(0.021739130434782608, 11)
(0.02127659574468085, 12)
(0.020833333333333332, 9)
(0.02040816326530612, 6)
(0.02, 5)
(0.0196078431372549, 4)
(0.019230769230769232, 3)
(0.018867924528301886, 1)
(0.018518518518518517, 2)
(0.01818181818181818, 1)
(0.017857142857142856, 1)
(0.017543859649122806, 2)

generation: 73 fittest: 1.0, 0.5, 0.5
The average fitness is: 0.2731659137059295
The best fitness is: 1.0
Fitness spread:
(1.0, 1)
(0.5, 1753)
(0.3333333333333333, 334)
(0.25, 290)
(0.2, 309)
(0.16666666666666666, 311)
(0.14285714285714285, 271)
(0.125, 265)
(0.1111111111111111, 233)
(0.1, 195)
(0.09090909090909091, 184)
(0.08333333333333333, 153)
(0.07692307692307693, 143)
(0.07142857142857142, 118)
(0.06666666666666667, 110)
(0.0625, 72)
(0.058823529411764705, 50)
(0.05555555555555555, 56)
(0.05263157894736842, 41)
(0.05, 24)
(0.047619047619047616, 22)
(0.045454545454545456, 14)
(0.043478260869565216, 12)
(0.041666666666666664, 11)
(0.04, 9)
(0.038461538461538464, 9)
(0.037037037037037035, 5)
(0.03571428571428571, 2)
(0.034482758620689655, 2)
(0.03333333333333333, 1)
(0.03333333333333333, 1)

Parameters: 5000, 500, 0.05, 1The average fitness is: 0.09855433388926005
The best fitness is: 0.25
Fitness spread:
(0.25, 1521)
(0.058823529411764705, 1)
(0.05555555555555555, 5)
(0.05263157894736842, 14)
(0.05, 14)
(0.047619047619047616, 35)
(0.045454545454545456, 51)
(0.043478260869565216, 93)
(0.041666666666666664, 127)
(0.04, 132)
(0.038461538461538464, 175)
(0.037037037037037035, 204)
(0.03571428571428571, 233)
(0.034482758620689655, 214)
(0.03333333333333333, 228)
(0.03225806451612903, 227)
(0.03125, 242)
(0.030303030303030304, 200)
(0.029411764705882353, 178)
(0.02857142857142857, 203)
(0.027777777777777776, 141)
(0.02702702702702703, 130)
(0.02631578947368421, 121)
(0.02564102564102564, 109)
(0.025, 79)
(0.024390243902439025, 65)
(0.023809523809523808, 46)
(0.023255813953488372, 53)
(0.022727272727272728, 38)
(0.022222222222222223, 21)
(0.021739130434782608, 17)
(0.02127659574468085, 20)
(0.020833333333333332, 15)
(0.02040816326530612, 8)
(0.02, 9)
(0.0196078431372549, 7)
(0.019230769230769232, 8)
(0.018867924528301886, 4)
(0.018518518518518517, 4)
(0.01818181818181818, 2)
(0.017857142857142856, 3)
(0.017543859649122806, 2)
(0.017241379310344827, 2)

The average fitness is: 0.1253953783962751
The best fitness is: 0.3333333333333333
Fitness spread:
(0.3333333333333333, 1542)
(0.0625, 1)
(0.05555555555555555, 6)
(0.05263157894736842, 12)
(0.05, 22)
(0.047619047619047616, 43)
(0.045454545454545456, 75)
(0.043478260869565216, 91)
(0.041666666666666664, 131)
(0.04, 165)
(0.038461538461538464, 199)
(0.037037037037037035, 209)
(0.03571428571428571, 210)
(0.034482758620689655, 210)
(0.03333333333333333, 213)
(0.03225806451612903, 229)
(0.03125, 193)
(0.030303030303030304, 210)
(0.029411764705882353, 203)
(0.02857142857142857, 173)
(0.027777777777777776, 125)
(0.02702702702702703, 119)
(0.02631578947368421, 107)
(0.02564102564102564, 102)
(0.025, 72)
(0.024390243902439025, 71)
(0.023809523809523808, 54)
(0.023255813953488372, 45)
(0.022727272727272728, 27)
(0.022222222222222223, 32)
(0.021739130434782608, 28)
(0.02127659574468085, 23)
(0.020833333333333332, 15)
(0.02040816326530612, 13)
(0.02, 7)
(0.0196078431372549, 4)
(0.019230769230769232, 6)
(0.018867924528301886, 5)
(0.018518518518518517, 1)
(0.01818181818181818, 2)
(0.017857142857142856, 3)
(0.017241379310344827, 2)
(0.017241379310344827, 1)

The average fitness is: 0.084067660226295
The best fitness is: 0.2
Fitness spread:
(0.2, 1540)
(0.0625, 1)
(0.058823529411764705, 2)
(0.05555555555555555, 2)
(0.05263157894736842, 8)
(0.05, 23)
(0.047619047619047616, 37)
(0.045454545454545456, 55)
(0.043478260869565216, 91)
(0.041666666666666664, 124)
(0.04, 162)
(0.038461538461538464, 184)
(0.037037037037037035, 206)
(0.03571428571428571, 195)
(0.034482758620689655, 220)
(0.03333333333333333, 246)
(0.03225806451612903, 215)
(0.03125, 225)
(0.030303030303030304, 200)
(0.029411764705882353, 175)
(0.02857142857142857, 186)
(0.027777777777777776, 163)
(0.02702702702702703, 148)
(0.02631578947368421, 91)
(0.02564102564102564, 97)
(0.025, 77)
(0.024390243902439025, 72)
(0.023809523809523808, 49)
(0.023255813953488372, 48)
(0.022727272727272728, 39)
(0.022222222222222223, 26)
(0.021739130434782608, 16)
(0.02127659574468085, 18)
(0.020833333333333332, 17)
(0.02040816326530612, 6)
(0.02, 10)
(0.0196078431372549, 6)
(0.019230769230769232, 3)
(0.018867924528301886, 5)
(0.018518518518518517, 2)
(0.01818181818181818, 8)
(0.017857142857142856, 1)
(0.017241379310344827, 1)
(0.017241379310344827, 1)

The average fitness is: 0.10018503589225383
The best fitness is: 0.25
Fitness spread:
(0.25, 1557)
(0.058823529411764705, 4)
(0.05555555555555555, 2)
(0.05263157894736842, 13)
(0.05, 19)
(0.047619047619047616, 33)
(0.045454545454545456, 72)
(0.043478260869565216, 76)
(0.041666666666666664, 130)
(0.04, 155)
(0.038461538461538464, 169)
(0.037037037037037035, 206)
(0.03571428571428571, 203)
(0.034482758620689655, 222)
(0.03333333333333333, 205)
(0.03225806451612903, 233)
(0.03125, 222)
(0.030303030303030304, 213)
(0.029411764705882353, 182)
(0.02857142857142857, 170)
(0.027777777777777776, 150)
(0.02702702702702703, 118)
(0.02631578947368421, 123)
(0.02564102564102564, 117)
(0.025, 85)
(0.024390243902439025, 75)
(0.023809523809523808, 54)
(0.023255813953488372, 45)
(0.022727272727272728, 33)
(0.022222222222222223, 24)
(0.021739130434782608, 25)
(0.02127659574468085, 16)
(0.020833333333333332, 17)
(0.02040816326530612, 5)
(0.02, 12)
(0.0196078431372549, 6)
(0.019230769230769232, 2)
(0.018867924528301886, 4)
(0.01818181818181818, 1)
(0.017857142857142856, 1)
(0.017543859649122806, 1)
(0.017543859649122806, 1)

The average fitness is: 0.12544168174580794
The best fitness is: 0.3333333333333333
Fitness spread:
(0.3333333333333333, 1545)
(0.0625, 1)
(0.058823529411764705, 1)
(0.05555555555555555, 4)
(0.05263157894736842, 7)
(0.05, 21)
(0.047619047619047616, 38)
(0.045454545454545456, 55)
(0.043478260869565216, 87)
(0.041666666666666664, 116)
(0.04, 169)
(0.038461538461538464, 172)
(0.037037037037037035, 214)
(0.03571428571428571, 228)
(0.034482758620689655, 213)
(0.03333333333333333, 232)
(0.03225806451612903, 217)
(0.03125, 222)
(0.030303030303030304, 215)
(0.029411764705882353, 206)
(0.02857142857142857, 158)
(0.027777777777777776, 163)
(0.02702702702702703, 102)
(0.02631578947368421, 99)
(0.02564102564102564, 87)
(0.025, 85)
(0.024390243902439025, 82)
(0.023809523809523808, 74)
(0.023255813953488372, 41)
(0.022727272727272728, 26)
(0.022222222222222223, 29)
(0.021739130434782608, 22)
(0.02127659574468085, 22)
(0.020833333333333332, 17)
(0.02040816326530612, 9)
(0.02, 5)
(0.0196078431372549, 3)
(0.019230769230769232, 3)
(0.018867924528301886, 5)
(0.018518518518518517, 2)
(0.01818181818181818, 1)
(0.017543859649122806, 2)
(0.017543859649122806, 1)

Parameters: 5000, 500, 0.1, 1The average fitness is: 0.20000000000001808
The best fitness is: 0.2
Fitness spread:
(0.2, 5001)

The average fitness is: 0.3333333333333134
The best fitness is: 0.3333333333333333
Fitness spread:
(0.3333333333333333, 5001)

The average fitness is: 0.5
The best fitness is: 0.5
Fitness spread:
(0.5, 5001)

The average fitness is: 0.3333333333333134
The best fitness is: 0.3333333333333333
Fitness spread:
(0.3333333333333333, 5001)

The average fitness is: 0.25
The best fitness is: 0.25
Fitness spread:
(0.25, 5001)

Parameters: 5000, 500, 0, 1